-0.373079303344
-1.42574342177
-0.997064252934
-1.20313757547
-1.13089959436
-0.770777030806
-0.589778611023
-0.521088864517
-0.502611375868
-0.548564578971
-0.680340673514
-0.810263109934
-0.911303477426
-0.904930551323
-0.807295969297
-0.854984142133
-0.828207764776
-0.762146230907
-0.76128671607
-0.775710553647
-0.791379818917
-0.831635954094
-0.819488640249
-0.824241805399
-0.841524299554
-0.833320131404
-0.783900361514
-0.763285164505
-0.761163376816
-0.781165320392
-0.760933416743
-0.768468550459
-0.761327987092
-0.777471995997
-0.80491613249
-0.791249503553
-0.766380687634
-0.788698081068
-0.779398612576
-0.762832979345
-0.73687663205
-0.756922367208
-0.727749492752
-0.74877010133
-0.755255304697
-0.765238254951
-0.772883058604
-0.728914138402
-0.702791039965
-0.65472601266
-0.686505999634
-0.690713558214
-0.696506056288
-0.707679039249
-0.715097669707
-0.723833045692
-0.725239295314
-0.738136554681
-0.723829863757
-0.740719170512
-0.717656352036
-0.706761137487
-0.678379353612
-0.687756323207
-0.667851608936
-0.675965371813
-0.67621113508
-0.676292415952
-0.677468233501
-0.661060477386
-0.660448013011
-0.65801093246
-0.683455833363
-0.655021843758
-0.660173660528
-0.651750939214
-0.660645269839
-0.67557715951
-0.663796279625
-0.661856093021
-0.663685283712
-0.671596064891
-0.662750360286
-0.647796462842
-0.652000246742
-0.660185410954
-0.666866133608
-0.672537160047
-0.66862000142
-0.668359264697
-0.685639521372
-0.697976141493
-0.721253559759
-0.714757030591
-0.697848852793
-0.693940219965
-0.697579111283
-0.693794622278
-0.684588673434
-0.674510872973
